136
391
434
520
575
755
881
1054
1264
1364
1399
1422
1525
1669
1925
2092
2186
2205
2288
2341
2353
2404
2531
2634
2654
2842
3083
3124
3250
3268
3517
3555
3577
3628
3683
3707
3741
3883
4150
4266
4351
4380
4583
4778
4800
4826
5447
5525
5834
5902
6060
6115
6147
6215
6245
6412
6456
6481
6559
6879
7286
7304
7368
7442
7505
7567
7657
7676
8376
8377
8402
8423
8447
8691
8727
8777
8940
9017
9078
9189
9235
9602
9608
10087
10261
10375
10386
10842
10913
11057
11058
11117
11214
11336
11552
11555
11564
11628
11715
11747
11758
11817
11881
11936
11987
12021
12555
12566
12587
12720
12740
12966
13295
13336
13405
13563
13723
13942
13974
14097
14261
14687
14904
14928
15060
15158
15598
15711
15905
15990
16115
16418
16475
16563
16568
16584
16687
16733
16831
16901
17170
17231
17293
17567
17610
17641
17727
17779
17831
17941
18158
18215
18238
18410
18474
18497
18524
18565
18739
18866
19193
19280
19439
19489
19623
19636
19678
19882
19898
19937
19988
20002
20015
20070
20095
20264
20296
20355
20400
20466
20541
20753
20972
21003
21200
21224
21239
21251
21620
21845
21907
21939
22055
22066
22280
22334
22441
22495
22516
22953
23026
23232
23458
23459
23614
24051
24264
24427
24460
24582
24920
24994
25199
25328
25390
25511
25525
25623
25659
25679
25811
25821
25861
25878
25891
26071
26227
26272
26278
26279
26307
26370
26385
26417
26420
26551
26666
26774
26841
26992
27109
27416
27546
27569
27573
27621
27655
27993
28008
28072
28137
28174
28324
28614
29038
29289
29384
29452
29861
29876
29918
29925
30058
30311
30347
30349
30525
30724
30819
31018
31493
31550
31597
31663
31873
32270
32532
32548
32691
32743
33100
33161
33358
33517
33936
34010
34024
34183
34247
34260
34302
34326
34346
34361
34390
34421
34475
34481
34508
34519
34550
34712
34952
35208
35296
35376
35473
35545
35571
35631
35987
36151
36309
36577
36653
36890
36918
36992
37150
37199
37238
37267
37275
37300
37301
37443
37516
37520
37582
37784
37873
38205
38210
38272
38382
38617
38706
38721
39081
39104
39188
39238
39338
39466
39578
39638
39642
39693
39739
39942
39970
40001
40211
40743
40758
40830
41003
41053
41119
41469
41719
41986
41988
42082
42228
42326
42726
42813
42890
43042
43081
44105
44182
44197
44328
44380
44414
44478
44608
44613
45149
45970
46347
46452
46678
46742
46826
46949
47142
47456
47460
47676
47765
47842
47922
47997
48033
48169
48251
48360
48430
48556
48594
48865
48879
49134
49144
49365
49372
49609
49948
50094
50547
51196
51210
51302
51390
51479
51517
51524
51626
51634
51647
51687
52048
52051
52327
52386
52525
52718
52739
52903
53063
53303
53322
53697
53760
53767
53796
54012
54376
54884
54893
54967
54977
55199
55343
55427
55457
55510
55549
55562
55728
55774
55842
56097
56203
56298
56312
56419
56503
56548
56568
56739
56777
56840
56851
56885
57046
57101
57266
57418
57430
57452
57501
57591
57617
57618
57774
57901
58010
58183
58530
58546
58929
58957
58964
59050
59075
59253
59696
60437
60467
60544
60604
60800
60838
61157
61535
61698
61844
62113
62577
62611
62768
62831
62976
63305
63433
63481
63843
63872
63940
64004
64026
64075
64117
64203
64385
64450
64550
64839
64979
65008
65112
65121
65127
65235
65237
65470
65476
65516
65611
65780
65818
65851
65986
66709
66747
66780
66911
67057
67075
67104
67301
67603
67758
67917
68351
68367
68571
68715
68733
68761
68843
68866
68899
68999
69220
69282
69335
69480
69490
70064
70159
70312
70337
70378
70407
70542
70585
70721
70829
70859
70927
70999
71269
71330
71835
71883
72108
72184
72198
72258
72664
72677
72731
72808
72841
72847
72976
73131
73139
73140
73234
73268
73424
73641
73728
73761
73840
73895
73972
74008
74050
74556
74568
74599
74718
74815
74864
74887
74907
75018
75046
75280
75399
75401
75504
75708
75723
75736
75836
75887
75892
76288
76360
76559
76922
77029
77156
77165
77323
77384
77556
77701
77711
78202
78280
78339
78527
78742
78965
79021
79174
79241
79477
79580
79708
79727
79838
79954
80091
80112
80173
80186
80256
80277
80394
80402
80446
80460
80476
80645
80653
80667
80776
80848
80850
81019
81084
81317
81322
81325
81407
81632
82011
82228
82270
82383
82590
82639
82806
82936
83022
83180
83259
83353
83383
83574
83774
83840
84064
84106
84193
84449
84650
84676
84783
84902
85045
85081
85202
85212
85496
85652
86025
86220
86258
86277
86336
86373
86384
86396
86444
86492
86562
86624
86678
86842
86899
86958
87019
87102
87108
87117
87164
87249
87343
87387
87528
87714
88051
88082
88102
88412
88580
88625
88733
88779
89173
89179
89194
89199
89208
89259
89366
89382
89676
89790
89876
89992
90093
90285
90346
90567
90638
90785
90828
90880
90928
90968
91209
91232
91242
91272
91325
91437
91467
91506
91607
91643
91676
91738
91819
91837
91928
91939
91956
92183
92235
92311
92449
92771
92884
92972
93036
93042
93084
93306
93698
93837
94106
94107
94278
94587
94670
95018
95306
95643
95857
96216
96238
96262
96380
96464
96642
96734
96973
97026
97261
97414
97558
97693
97816
97821
97941
98346
98561
98601
98782
98891
98969
99101
99436
99451
99459
99487
99796
99816
99992
